9.952369
-9.952369
0.000138
0.000000
0.000000
0.000000
0.000000
0.000000
0.000000
0.000000
0.000000
0.000000
0.000000
0.000000
0.000000
0.000000
0.000000
0.000000
0.000000
0.000000
0.000000
0.000000
0.000000
0.000000
0.000000
0.000000
0.000000
0.000000
0.000000
0.000000
0.000000
0.000000
0.000000
0.000000
0.000000
0.000000
0.000000
0.000000
0.000000
0.000000
0.000000
0.000000
0.000000
0.000000
0.000000
0.000000
0.000000
0.000000
0.000000
0.000000
0.000000
0.000000
0.000000
0.000000
0.000000
0.000000
0.000000
0.000000
0.000000
0.000000
0.000000
0.000000
0.000046
-0.000092
0.000046
0.000000
0.000000
0.000000
0.000000
0.000000
0.000000
0.000000
0.000000
0.000000
0.000000
0.000000
0.000000
0.000000
0.000000
0.000000
0.000000
0.000000
0.000000
0.000000
0.000000
0.000046
-0.000092
0.000046
0.000000
0.000000
0.000000
0.000000
0.000000
0.000000
0.000000
0.000000
0.000000
0.000000
0.000000
0.000000
0.000000
0.000000
0.000000
0.000000
0.000000
0.000000
0.000000
0.000046
-0.000092
0.000046
0.000000
0.000000
0.000000
0.000000
0.000000
0.000000
0.000000
0.000000
0.000000
0.000000
0.000000
0.000000
0.000000
0.000000
0.000000
0.000000
0.000000
0.000000
0.000000
0.000000
0.000000
0.000046
-0.000093
0.000046
0.000000
0.000000
0.000000
0.000000
0.000000
0.000000
0.000000
0.000000
0.000000
0.000000
0.000000
0.000000
0.000000
0.000046
-0.000093
0.000093
-0.000093
0.000046
0.000000
0.000000
0.000000
0.000000
0.000000
0.000000
0.000000
0.000000
0.000000
0.000000
0.000000
0.000000
0.000000
0.000000
0.000000
0.000000
0.000000
0.000000
0.000000
0.000000
0.000000
0.000000
0.000000
0.000000
0.000000
0.000000
0.000000
0.000000
0.000047
-0.000093
0.000047
0.000000
0.000000
0.000000
0.000047
-0.000093
0.000047
0.000000
0.000000
0.000000
0.000000
0.000047
-0.000093
0.000047
0.000000
0.000000
0.000000
0.000000
0.000000
0.000000
0.000000
0.000000
0.391263
0.761057
0.587678
0.192856
0.197590
0.069115
0.020256
0.002141
-0.019848
0.006040
-0.115572
0.111828
0.002434
-0.009486
0.004819
0.008071
0.000824
-0.004963
0.727731
-1.521146
0.906215
-0.011095
-0.038358
0.002722
0.665392
-1.357619
0.780542
0.604923
-1.315927
0.576663
0.392912
-0.336194
0.110067
1.248140
-1.487362
0.920005
-0.606394
-0.133160
-0.287660
0.753305
1.454335
-2.140734
0.272762
0.347579
0.175381
-0.082777
1.416378
-0.749368
-0.695729
0.572736
-0.430815
0.696293
-0.831970
-0.742823
0.663376
-0.416788
0.455576
0.884315
-2.194602
1.277821
0.027405
-1.361748
1.525154
-1.259600
1.074676
0.202968
-0.366086
-0.291006
0.711026
-1.526657
1.071626
-0.046770
0.064340
-0.277024
-0.513355
0.767903
-0.898029
0.610603
0.044268
-0.097343
-1.174473
0.219294
0.063084
-0.029622
-0.106912
-0.038083
0.361579
-0.725077
0.732814
-0.744031
0.422393
1.224596
-1.303033
0.338932
-0.011319
0.465762
-0.463118
-0.316508
1.765485
-0.551359
-0.375491
-0.027576
0.485598
1.324827
-1.345273
0.691662
-0.973465
0.055708
1.537642
-0.106522
-0.223798
0.117512
-1.264127
-0.182077
0.456908
-0.140467
0.375587
0.212461
-0.112853
-0.101619
-0.205068
0.454009
-0.106854
-0.056568
-0.411290
0.267425
0.121172
-0.395290
0.044219
-0.138621
0.109603
1.185456
-0.626635
-0.535258
-0.713215
0.058711
0.669214
-1.161838
0.508122
0.077250
0.067778
0.600191
-0.316995
0.058080
-0.334900
0.246377
0.088672
-0.060735
-0.159653
-0.056468
1.471578
-0.914680
-0.202334
-0.246268
0.185930
0.174552
0.294236
0.068537
0.152376
-0.955488
0.441733
-0.404745
-0.167828
-0.071919
0.061204
0.101188
0.131498
0.438127
1.899706
-3.061245
0.489665
-0.038737
3.334023
-1.102269
-0.402922
-0.645955
2.043068
-0.820180
0.079880
0.561240
-2.722815
5.386062
-2.179794
-1.353792
6.290289
-5.190224
2.600526
-0.351831
-0.686781
0.591892
-0.614230
1.374742
-4.284326
1.326194
2.906300
3.678514
-7.894447
3.664902
0.014288
-0.040700
-4.380897
4.285911
-2.213957
2.503005
0.736755
0.632408
-0.518094
-4.687957
-1.514933
0.935084
1.212473
1.503471
-0.685024
-0.367007
0.256254
0.087997
-3.010435
0.810620
-1.087069
0.299139
0.279453
1.935846
-3.813629
0.601311
1.209245
-0.398320
0.258283
2.686263
-0.110937
-2.374540
3.178964
-1.079307
1.951880
-2.078062
-1.612609
1.922286
3.142763
-0.321658
-1.098490
1.773477
-4.175707
3.505742
0.589321
2.053698
-1.116108
2.115275
-0.669962
-3.374454
7.139200
-5.341803
2.383388
1.449016
-8.234441
4.828042
3.210547
-6.689586
0.643577
3.941932
-3.013563
4.332655
-0.934139
-3.853277
1.744024
3.096921
1.778252
-0.671742
-2.663085
0.300026
4.139777
-8.031127
5.528666
-4.219870
-1.256497
2.517967
-0.236191
-0.139163
-0.316973
1.660657
-8.553916
3.100694
0.351420
-0.262581
3.289854
-0.555823
-1.047890
0.939807
-0.762866
-0.563410
0.460638
-0.130679
1.495168
-1.941768
-3.966233
5.018683
-2.820608
1.657781
-3.802815
0.066468
-0.156088
1.212243
-0.889338
-0.230178
0.007383
0.237702
-0.069188
0.382140
-0.533036
0.195649
-0.036957
0.226499
-0.298405
0.019283
0.347733
-0.479003
0.981916
-0.586832
-0.061681
-0.246017
0.220810
1.726223
-1.474641
-0.623050
0.685270
0.645280
-0.034913
-1.061234
-0.089793
-0.060377
-0.108201
0.331080
0.572482
1.166865
-1.454250
-0.276601
0.166991
-0.259515
0.434528
6.291127
-4.026515
-2.141271
1.084908
-0.851672
3.157407
-4.337035
0.339114
5.314753
1.291058
-0.960884
2.738617
-4.245943
2.583821
-2.942188
-0.031693
-4.781767
3.614295
-2.166070
-1.954786
6.742804
1.302520
0.307880
1.761138
-4.810368
4.949329
-1.315745
-1.328655
7.342411
-1.091800
0.807041
-3.257837
-10.775050
4.999962
49.611196
25.860792
-33.937900
-43.028179
-4.897198
-0.001892
0.000956
0.001761
0.001509
32.647803
-31.288021
-0.159306
-0.189976
-0.090504
-0.111705
-0.074545
-0.194762
-0.118912
-0.018703
-0.203644
-0.137292
-0.014811
0.000279
0.094798
-0.120279
0.047842
-0.038503
0.029474
-0.027156
-0.007936
0.007820
-0.021066
0.073770
-0.050795
-0.007329
0.084507
-0.091827
-0.001439
0.046746
-0.011172
-0.003773
-0.010261
0.030405
-0.057240
0.051873
-0.007713
-0.008584
-0.003249
-0.014492
0.056024
-0.077800
0.039334
-0.050523
0.041207
0.024696
-0.061863
0.000946
0.057040
0.016629
-0.023880
-0.057061
0.126019
-0.101691
0.012363
0.055391
-0.050063
0.029124
-0.018449
0.082140
-0.112756
0.021841
-0.015937
0.010860
-0.004164
-0.009890
-0.004443
0.021650
0.051744
-0.047731
-0.018431
0.110329
-0.094461
-0.013959
0.065094
-0.062935
0.015346
-0.028420
0.123869
