35.944024
-35.944024
0.001587
0.000000
0.000000
0.000000
0.000000
0.000000
0.000000
0.000000
0.000000
0.000000
0.000000
0.000000
0.000000
0.000000
0.000000
0.000000
0.000000
0.000000
0.000000
0.000000
0.000000
0.000000
0.000000
0.000000
0.000000
0.000000
0.000000
0.000000
0.000000
0.000000
0.000000
0.000000
0.000000
0.000000
0.000000
0.000000
0.000000
0.000000
0.000000
0.000000
0.000000
0.000000
0.000000
0.000000
0.000000
0.000000
0.000000
0.000000
0.000000
0.000000
0.000000
0.000000
0.000000
0.000000
0.000000
0.000000
0.000000
0.000000
0.000000
0.000000
0.000000
0.000000
0.000000
0.000000
0.000000
0.000000
0.000000
0.000000
0.000000
0.000000
0.000000
0.000000
0.000000
0.000000
0.000000
0.000000
0.000000
0.000000
0.000000
0.000000
0.000000
0.000000
0.000000
0.000000
0.000000
0.000000
0.000000
0.000000
0.000000
0.000000
0.000000
0.000000
0.000000
0.000000
0.000000
0.000000
0.000000
0.000000
0.000000
0.000000
0.000000
0.000000
0.000000
0.000000
0.000000
0.000000
0.000000
0.000000
0.000000
0.000000
0.000000
0.000000
0.000000
0.000000
0.000000
0.000000
0.000000
0.000000
0.000000
0.000000
0.000000
0.000000
0.000000
0.000000
0.000000
0.000000
0.000000
0.000000
0.000000
0.000000
0.000000
0.000000
0.000000
0.000000
0.000000
0.000000
0.000000
0.000000
0.000000
0.000000
0.000000
0.000000
0.000000
0.000000
0.000000
0.000000
0.000000
0.000000
0.000000
0.000000
0.000000
0.000000
0.000000
0.000000
0.000000
0.000000
0.000000
0.000000
0.000000
0.000000
0.000000
0.000000
0.000000
0.000000
0.000000
0.000000
0.000000
0.000000
0.000000
0.000000
0.000000
0.000000
0.000000
0.000000
0.000000
0.000000
0.000000
0.000000
0.000000
0.000000
0.000000
0.000000
0.000000
0.000000
0.000000
0.000000
0.000000
0.000000
0.000000
0.000000
0.000000
0.000000
0.000000
0.000000
0.000000
0.000000
0.000000
0.000000
0.000000
0.000000
0.000000
0.000000
0.000000
0.155370
0.651180
0.659676
0.332236
0.084921
0.535039
0.175933
-0.025963
0.009840
0.011558
0.003653
-0.029825
0.017158
0.013234
-0.010720
0.183366
0.371524
0.267108
-0.012127
-0.055532
-0.106349
-0.091973
-0.109608
-0.122116
-0.074967
-0.085179
-0.035215
-0.022472
-0.251516
-0.179739
-0.110384
0.053167
0.244951
0.213216
-0.049835
-0.159957
-0.262620
-0.075733
0.050543
0.133528
0.428799
0.002883
0.006900
-0.049415
-0.197754
-0.190782
-0.034804
0.118671
0.289111
0.076364
0.023393
0.116942
-0.082126
-0.062084
-0.020603
-0.001420
-0.174107
-0.096711
0.024197
0.168693
0.137048
-0.096648
-0.269467
0.116418
-0.008459
0.062248
-0.055972
-0.006409
-0.013191
0.095520
0.005851
-0.175748
-0.011884
0.179712
0.212358
-0.065323
-0.373786
-0.431327
0.015708
0.237685
0.519734
0.152219
0.003124
-0.914579
-0.575381
-0.082958
0.550995
1.040554
-0.000306
-0.712142
-0.870278
-0.000792
-0.082123
0.271267
0.626148
0.535173
-0.386906
-1.098076
0.739107
0.731491
-1.405940
1.783024
0.156682
-1.342708
0.085558
2.803842
1.127264
-2.739960
-0.809589
1.149724
0.139010
-1.058431
-0.531440
4.855517
0.378912
-0.306669
-4.917256
2.131849
-0.266340
0.061650
-1.768258
3.886119
1.077871
0.067515
-4.161441
-0.077932
1.654018
-0.812241
-0.973285
4.831051
-0.151334
-2.713702
-3.222645
2.594744
-0.865018
-1.717179
2.624390
3.802029
-0.970400
-4.434510
1.356774
1.594315
-2.942203
1.046276
4.135245
-0.046370
-2.999924
-2.979791
3.756807
0.481390
-1.468535
-2.696516
5.842223
1.028779
-0.477397
-5.379188
0.802983
2.540816
-1.370756
-2.858474
3.882287
3.240434
0.051094
-4.600290
-2.463968
4.806944
-0.401429
-0.098921
-4.546736
2.747093
4.823189
-0.223753
-5.927269
1.874499
2.536293
-0.143209
-0.140967
-4.810443
1.578166
4.010961
-1.060998
-4.939611
5.677401
0.526912
-0.466224
-1.219668
-2.201321
-2.499382
0.292217
-0.575952
3.757798
2.566067
0.110394
-0.041172
-2.892780
-3.673832
0.259003
1.244797
4.410741
1.142105
-0.029601
4.755100
-5.813829
-5.789982
1.860270
-0.975467
0.140924
8.330719
-3.814331
0.899204
-1.842283
-1.086758
-0.748618
0.304597
-1.201196
0.326505
0.802004
1.317138
0.122166
-0.463630
-1.516599
-0.505966
-0.116802
0.044903
0.480764
0.587862
-0.496634
-1.008384
-0.914238
-0.952358
-0.443244
-0.009266
0.158598
0.457455
-0.364369
-0.282765
1.040545
0.395118
0.041725
-0.306366
0.497278
-0.305958
0.521411
0.596720
1.011751
1.112015
-0.539517
-0.261516
-0.195632
0.558594
1.832797
0.768185
0.306355
-0.988270
-1.029914
-0.177533
1.711211
1.203082
0.214317
-1.357404
-1.576817
-0.036632
2.524323
1.380002
0.336551
-1.204003
-0.702375
-0.584534
0.225176
0.578784
2.164597
1.799375
-0.079918
-3.250542
-3.473914
8.455120
12.695136
4.690488
2.787631
-3.417009
13.969152
-3.627165
-18.145993
-13.727923
-5.816030
20.981454
14.538277
9.074340
-5.096871
-1.745487
-2.280692
-4.184780
-11.278910
-18.957850
-0.662953
-0.031686
7.993727
3.275180
0.275183
0.589079
-0.724801
-0.001319
-7.887931
-2.755303
19.222269
6.473656
-0.473510
9.614309
11.801171
9.958794
2.070479
9.054880
9.307774
-29.328600
-50.121779
11.109333
-12.175911
-0.584290
-0.449611
0.521476
0.558339
-0.623820
-0.415613
0.436600
-0.384701
0.033802
-0.013631
-0.119571
0.045516
0.113318
-0.156249
0.020318
0.082493
-0.013241
-0.077770
0.177763
0.317641
-0.502530
0.067600
0.348619
0.021549
-0.412962
0.430544
-0.119507
-0.269064
0.343526
-0.414653
0.154670
-0.047915
-0.081152
-0.004466
0.008923
-0.012240
-0.004016
0.016942
0.259925
-0.259580
-0.031880
0.042112
0.277047
-0.305680
0.680999
-0.179730
-0.502251
0.531406
-0.487506
0.317550
-0.216876
0.072114
-0.174847
-0.018557
-0.020874
-0.009252
0.042341
-0.046460
0.057981
-0.035324
0.133425
-0.074839
-0.075474
0.088870
0.356475
-0.449988
0.300180
0.081311
0.050703
-0.389334
0.400468
-0.259269
-0.075331
0.020716
-0.133441
0.042235
0.169689
-0.209935
0.021162
0.036515
0.047948
-0.097097
0.210858
0.246683
-0.466118
0.051771
0.170886
0.115183
-0.309954
0.452695
0.009122
-0.474811
0.454605
-0.451273
0.202974
-0.132435
-0.047438
-0.019693
0.117604
-0.132149
0.004012
0.007569
0.120643
-0.114837
-0.018379
0.129401
0.034182
-0.161561
0.507804
0.066340
-0.572810
0.616275
-0.524335
0.313361
-0.186631
0.000657
-0.142054
-0.037957
0.062009
-0.107109
0.064876
0.033247
-0.083516
0.009046
0.154686
-0.081447
-0.090647
0.107541
0.358748
-0.474066
0.486942
-0.402248
0.293950
-0.318849
0.379249
-0.068395
-0.374522
0.374509
-0.361556
0.054124
0.013454
