70.942301
-70.942301
0.002816
-0.000929
0.001859
-0.000929
0.000000
0.000000
0.000000
0.000000
0.000000
0.000000
0.000000
0.000000
0.000000
0.000000
0.000000
0.000000
0.000000
0.000000
0.000000
0.000000
0.000000
0.000000
0.000000
0.000000
0.000000
0.000000
0.000000
0.000000
0.000000
0.000000
0.000000
0.000000
0.000000
0.000000
0.000000
0.000000
0.000000
0.000000
0.000000
0.000000
0.000000
0.000000
0.000000
0.000000
0.000000
0.000000
0.000000
0.000000
0.000000
0.000000
0.000000
0.000000
0.000000
0.000000
0.000000
0.000000
0.000000
0.000000
0.000000
0.000000
0.000000
0.000000
0.000000
0.000000
0.000000
0.000000
0.000000
0.000000
0.000000
0.000000
0.000000
0.000000
0.000000
0.000000
0.000000
0.000000
0.000000
0.000000
0.000000
0.000000
0.000000
0.000000
0.000000
0.000000
0.000000
0.000000
0.000000
0.000000
0.000000
0.000000
0.000000
0.000000
0.000000
0.000000
0.000000
0.000000
0.000000
0.000000
0.000000
0.000000
0.000000
0.000000
0.000000
0.000000
0.000000
0.000000
0.000000
0.000000
0.000000
0.000000
0.000000
0.000000
0.000000
0.000000
0.000000
0.000000
0.000000
0.000000
0.000000
0.000000
0.000000
0.000000
0.000000
0.000000
0.000000
0.000000
0.000000
0.000000
0.000000
0.000000
0.000000
0.000000
0.000000
0.000000
0.000000
0.000000
0.000000
0.000000
0.000000
0.000000
0.000000
0.000000
0.000000
0.000000
0.000000
0.000000
0.000000
0.000000
0.000000
0.000000
0.000000
0.000000
0.000000
0.000000
0.000000
0.000000
0.000000
0.000000
0.000000
0.000000
0.000000
0.000000
0.000000
0.000000
0.000000
0.000000
0.000000
0.000000
0.000000
0.000000
0.000000
0.000000
0.000000
0.000000
0.000000
0.000000
0.000000
0.000000
0.000000
0.000000
0.000000
0.000000
0.000000
0.000000
0.000000
0.000000
0.000000
0.000000
0.000000
0.000000
0.000000
0.000000
0.000000
0.000000
0.000000
0.000000
0.000000
0.000000
0.000000
0.000000
0.000000
0.000000
0.000000
0.254024
1.068439
0.673979
0.067855
1.084277
-0.590533
-0.771711
-0.020681
-0.001062
0.013746
0.013207
-0.038590
0.007233
0.026031
-0.065345
0.025686
0.034094
0.001684
-0.082879
0.069662
0.015181
-0.018245
-0.049860
0.061471
-0.003226
-0.028351
0.000009
0.022267
-0.081301
-0.169331
0.246071
1.814845
0.056386
-0.047480
-0.141840
-0.087161
-0.234371
-0.931565
-0.713115
-0.236652
0.098697
1.917759
0.215116
-0.058731
-1.223902
-0.528395
0.046463
-0.041260
-0.089633
1.515472
0.572169
-0.491191
-1.204564
0.078728
-0.028936
-0.003803
-0.163840
-0.129506
-0.104924
1.919318
-0.068644
-1.685572
0.032420
0.499439
-0.034432
-0.001043
0.032850
-0.116683
-0.257934
-0.214234
2.570650
-1.343849
-0.569334
-0.125500
2.361351
-1.840751
-0.325711
0.054211
-0.058761
0.183117
0.098947
-0.164104
-0.002027
0.033887
0.046275
0.111983
-1.533746
4.008415
-0.878085
-1.948601
0.210343
0.129877
-0.001099
0.035603
0.042822
-0.020443
-0.042844
-1.495287
4.429749
0.069900
-3.870340
0.259219
1.092352
-0.225198
0.052392
0.190903
-0.242525
-0.942800
2.101238
1.983467
0.083793
-1.360197
-2.257753
1.358178
-0.598405
1.129871
-1.454425
0.448513
-0.652336
3.754860
0.583410
-0.384513
-3.788031
0.972417
-0.296266
0.166752
-0.753518
-1.638763
4.312855
1.319808
-0.917551
-4.480271
2.516767
0.212983
-1.353132
3.770375
0.599187
-0.197392
-4.719790
0.191648
1.480604
0.539293
-1.584246
3.323592
1.437515
-0.097649
-3.955623
0.336561
1.013949
-0.473753
-1.090192
-1.389676
3.381650
2.633401
-0.005729
-2.643829
-1.245225
1.493982
-0.040162
-2.279646
1.663490
1.251809
1.757421
0.272806
-4.162581
1.182204
0.930601
-0.215910
0.112396
-3.425538
2.939196
2.176485
-0.725862
-5.506614
4.894467
0.594315
-0.334270
-5.188434
7.031401
0.420333
-1.971656
-0.431239
-1.012869
1.266962
0.000443
-0.398290
-3.302827
6.391500
0.744368
10.678674
14.947263
-2.485169
-5.201278
-5.115044
-5.028705
-4.951880
-4.890890
-4.850398
-3.519914
-0.055036
1.059254
12.887337
7.246592
-10.984381
-7.995594
12.255549
-0.216671
-6.249082
0.906772
0.091779
-0.312309
0.161054
0.136611
-0.288293
0.181342
0.034426
-0.285278
0.310513
0.054114
-0.192430
0.500561
-0.263835
-0.197232
-0.024517
0.595165
-0.426181
-0.312200
0.501827
0.079324
-0.542101
0.100440
0.625764
-0.649987
0.029273
0.135592
0.226547
-0.315951
0.072440
-0.189692
0.465699
-0.229387
-0.178645
0.018083
0.322907
-0.167717
-0.499154
0.699329
-0.075642
-0.553971
0.190300
0.569495
-0.630204
0.052860
0.199720
-0.003774
-0.159636
0.103349
0.044050
-0.191548
0.190569
-0.045377
-0.224444
0.324471
0.018191
5.093365
-10.474710
12.850513
0.164680
-1.873932
0.393546
-0.483680
0.032934
0.438688
4.662211
-4.609942
-12.247581
16.282073
-5.640224
4.660593
6.867722
-7.660378
-12.189326
0.586907
10.645149
22.023301
0.900425
2.250969
13.868219
10.381477
3.334355
2.764233
-3.704205
-2.536336
-38.603247
-20.043813
2.381129
-6.136592
5.588349
3.842517
-0.048674
0.940903
-7.031951
1.450376
4.085998
1.224540
0.099420
-0.401533
-11.364881
8.597899
2.316683
-1.954831
1.432787
0.150716
0.709568
0.303254
-4.661042
3.364758
2.285544
-4.713699
4.415005
0.305769
-0.306697
-2.277558
-9.342607
10.463772
1.645667
-7.485544
-0.927494
8.709850
0.222349
0.154450
-2.187321
-8.106693
9.993895
-1.734657
-6.588679
-3.183248
11.253737
0.960773
-0.653608
-11.165972
10.491482
-1.020961
-5.096148
3.369450
3.366377
-0.381274
0.998716
-13.401973
13.907989
0.443970
-5.967278
-2.161862
8.147157
-2.872280
-1.818045
0.061464
-0.292178
-9.911532
0.853141
7.442392
6.531266
-2.429800
-9.068869
0.517180
12.691110
-1.211591
-0.925453
-1.647406
-0.927191
-2.530500
-7.410256
12.490262
2.044448
-4.546179
2.860439
0.438597
0.457376
-6.203248
37.163386
-46.943459
-0.143263
-0.159065
-0.101486
-0.096150
-0.129647
-0.157013
-0.096623
-0.015490
-0.253193
-0.117102
0.024393
-0.038943
0.111879
-0.088154
0.025236
0.007836
-0.044987
-0.000766
-0.016537
0.038365
-0.020415
0.034548
-0.010979
0.004266
0.070590
-0.072333
-0.045940
0.103760
-0.103741
0.042782
-0.039217
0.100946
-0.079758
0.024471
0.047608
-0.085878
0.043668
-0.042245
0.080409
-0.085867
0.034059
-0.042911
0.023641
0.062022
-0.058987
-0.024423
0.090269
-0.073736
0.022010
-0.030240
0.095454
-0.075643
-0.009078
0.093578
-0.110400
0.062768
-0.051535
0.098204
-0.089171
-0.006804
0.016234
-0.024201
0.034741
-0.053821
0.033712
0.026598
0.004860
-0.012720
0.004759
0.066258
-0.063891
-0.041973
0.107316
-0.115274
0.048324
-0.019061
0.063747
