7.094230
0.000000
0.000282
0.000189
0.000375
0.000282
0.000282
0.000282
0.000282
0.000282
0.000282
0.000282
0.000282
0.000282
0.000282
0.000282
0.000282
0.000282
0.000282
0.000282
0.000282
0.000282
0.000282
0.000282
0.000282
0.000282
0.000282
0.000283
0.000283
0.000283
0.000283
0.000283
0.000283
0.000283
0.000283
0.000283
0.000283
0.000283
0.000283
0.000283
0.000283
0.000283
0.000283
0.000283
0.000283
0.000283
0.000283
0.000283
0.000283
0.000283
0.000283
0.000283
0.000283
0.000283
0.000284
0.000284
0.000284
0.000284
0.000284
0.000284
0.000284
0.000284
0.000284
0.000284
0.000284
0.000284
0.000284
0.000284
0.000284
0.000284
0.000284
0.000284
0.000284
0.000284
0.000284
0.000284
0.000284
0.000284
0.000284
0.000284
0.000284
0.000285
0.000285
0.000285
0.000285
0.000285
0.000285
0.000285
0.000285
0.000285
0.000285
0.000285
0.000285
0.000285
0.000285
0.000285
0.000285
0.000285
0.000285
0.000285
0.000285
0.000285
0.000285
0.000285
0.000285
0.000285
0.000285
0.000285
0.000286
0.000286
0.000286
0.000286
0.000286
0.000286
0.000286
0.000286
0.000286
0.000286
0.000286
0.000286
0.000286
0.000286
0.000286
0.000286
0.000286
0.000286
0.000286
0.000286
0.000286
0.000286
0.000286
0.000286
0.000286
0.000286
0.000286
0.000287
0.000287
0.000287
0.000287
0.000287
0.000287
0.000287
0.000287
0.000287
0.000287
0.000287
0.000287
0.000287
0.000287
0.000287
0.000287
0.000287
0.000287
0.000287
0.000287
0.000287
0.000287
0.000287
0.000287
0.000287
0.000287
0.000287
0.000288
0.000288
0.000288
0.000288
0.000288
0.000288
0.000288
0.000288
0.000288
0.000288
0.000288
0.000288
0.000288
0.000288
0.000288
0.000288
0.000288
0.000288
0.000288
0.000288
0.000288
0.000288
0.000288
0.000288
0.000288
0.000288
0.000288
0.000289
0.000289
0.000289
0.000289
0.000289
0.000289
0.000289
0.000289
0.000289
0.000289
0.000289
0.000289
0.000289
0.000289
0.000289
0.000289
0.025691
0.132535
0.199933
0.206719
0.315146
0.256093
0.178922
0.176854
0.176748
0.178122
0.179443
0.175584
0.176307
0.178910
0.172376
0.174945
0.178354
0.178522
0.170234
0.177201
0.178719
0.176894
0.171908
0.178055
0.177733
0.174898
0.174899
0.177125
0.168995
0.152062
0.176669
0.358154
0.363792
0.359044
0.344860
0.336144
0.312707
0.219551
0.148239
0.124574
0.134444
0.326220
0.347731
0.341858
0.219468
0.166628
0.171275
0.167148
0.158185
0.309732
0.366949
0.317830
0.197374
0.205246
0.202353
0.201973
0.185589
0.172638
0.162146
0.354077
0.347213
0.178656
0.181898
0.231842
0.228398
0.228294
0.231579
0.219911
0.194117
0.172694
0.429759
0.295374
0.238441
0.225891
0.462026
0.277951
0.245380
0.250801
0.244925
0.263236
0.273131
0.256721
0.256518
0.259906
0.264534
0.275732
0.122358
0.523199
0.435391
0.240531
0.261565
0.274553
0.274443
0.278003
0.282285
0.280241
0.275956
0.126428
0.569403
0.576392
0.189358
0.215280
0.324516
0.301996
0.307235
0.326325
0.302073
0.207793
0.417917
0.616263
0.624642
0.488623
0.262847
0.398665
0.338825
0.451812
0.306369
0.351221
0.285987
0.661473
0.719814
0.681363
0.302559
0.399801
0.370175
0.386850
0.311498
0.147622
0.578907
0.710888
0.619133
0.171106
0.422783
0.444081
0.308768
0.685805
0.745724
0.725985
0.254006
0.273171
0.421231
0.475160
0.316736
0.649095
0.792846
0.783082
0.387519
0.421175
0.522570
0.475195
0.366176
0.227208
0.565373
0.828713
0.828140
0.563757
0.439235
0.588633
0.584617
0.356652
0.523001
0.648182
0.823924
0.851205
0.434947
0.553167
0.646227
0.624636
0.635876
0.293322
0.587241
0.804890
0.732304
0.181642
0.671089
0.730521
0.697094
0.178250
0.881390
0.923424
0.726258
0.683134
0.581847
0.708543
0.708588
0.668759
0.338476
0.977626
1.052063
2.119930
3.614656
3.366140
2.846012
2.334507
1.831637
1.336449
0.847360
0.362320
0.010329
0.004825
0.110750
1.399484
2.124143
1.025705
0.226146
1.451701
1.430034
0.805125
0.895803
0.904981
0.873750
0.889855
0.903516
0.874687
0.892821
0.896264
0.867736
0.898787
0.904199
0.884956
0.935012
0.908628
0.888905
0.886453
0.945970
0.903352
0.872132
0.922314
0.930247
0.876037
0.886081
0.948657
0.883658
0.886586
0.900145
0.922800
0.891205
0.898449
0.879479
0.926049
0.903111
0.885246
0.887055
0.919345
0.902574
0.852658
0.922591
0.915027
0.859630
0.878660
0.935609
0.872589
0.877875
0.897847
0.897469
0.881506
0.891841
0.896246
0.877091
0.896148
0.891610
0.869166
0.901613
0.903432
1.412768
0.365297
1.650349
1.666817
1.479423
1.518778
1.470410
1.473703
1.517572
1.983793
1.522799
0.298041
1.926248
1.362226
1.828285
2.515057
1.749020
0.530087
0.588778
1.653293
3.855623
3.945665
4.170762
5.557584
6.595732
6.929167
7.205591
6.835170
6.581536
2.721212
0.716831
0.954943
0.341284
0.900119
1.284371
1.279503
1.373594
0.670399
0.815436
1.224036
1.346490
1.356432
1.316279
0.179791
1.039580
1.271249
1.075766
1.219044
1.234116
1.305073
1.335398
0.869294
1.205770
1.434324
0.962954
1.404455
1.435032
1.404362
1.176606
0.242345
1.288723
1.453289
0.704735
0.611985
1.482970
1.505205
1.520650
1.301918
0.491249
1.490639
1.317173
0.658305
0.339980
1.465354
1.561431
1.496070
0.379473
1.428621
1.326525
0.816910
1.153855
1.490493
1.452366
1.552237
0.212040
1.602839
1.647236
1.050508
0.834322
1.649037
1.361809
1.180005
1.186151
1.156934
0.165780
0.251094
0.995334
1.648460
1.405480
0.498593
0.550311
1.819422
1.698263
1.605718
1.440977
1.348258
1.095208
0.354183
1.603209
1.807654
1.353036
1.639080
1.682939
1.728677
1.108352
4.824691
0.130345
0.116019
0.100112
0.089964
0.080349
0.067384
0.051683
0.042020
0.040471
0.015152
0.003442
0.005881
0.001987
0.013175
0.004359
0.006883
0.007666
0.003168
0.003091
0.001437
0.005274
0.003232
0.006687
0.005589
0.006016
0.013075
0.005842
0.001248
0.011624
0.001249
0.005528
0.001606
0.011701
0.003725
0.006172
0.010933
0.002345
0.006712
0.002487
0.010528
0.001941
0.005347
0.001056
0.003420
0.009622
0.003724
0.001282
0.010308
0.002935
0.005136
0.002112
0.011657
0.004093
0.003185
0.012543
0.001503
0.007780
0.002626
0.012447
0.003530
0.002849
0.004473
0.002053
0.005527
0.000145
0.003516
0.006176
0.006662
0.005390
0.005866
0.012491
0.006102
0.001905
0.012636
0.001109
0.005942
0.004035
0.010410
