0.000000
0.000000
0.000000
0.000000
0.000000
0.000000
0.000000
0.000000
0.000000
0.000000
0.000000
0.000000
0.000000
0.000000
0.000000
0.000000
0.000000
0.000000
0.000000
0.000000
0.000000
0.000000
0.000000
0.000000
0.000000
0.000000
0.000000
0.000000
0.000000
0.000000
0.000000
0.000000
0.000000
0.000000
0.000000
0.000000
0.000000
0.000000
0.000000
0.000000
0.000000
0.000000
0.000000
0.000000
0.000000
0.000000
0.000000
0.000000
0.000000
0.000000
0.000000
0.000000
0.000000
0.000000
0.000000
0.000000
0.000000
0.000000
0.000000
0.000000
0.000000
0.000000
0.000000
0.000000
0.000000
0.000000
0.000000
0.000000
0.000000
0.000000
0.000000
0.000000
0.000000
0.000000
0.000000
0.000000
0.000000
0.000000
0.000000
0.000000
0.000000
0.000000
0.000000
0.000000
0.000000
0.000000
0.000000
0.000000
0.000000
0.000000
-0.504187
-0.504164
-0.504353
-0.505100
-0.506504
-0.508399
-0.511305
-0.496690
-0.477129
-0.455935
-0.433423
-0.410830
-0.386692
-0.361851
-0.336764
-0.311336
-0.283902
-0.257950
-0.229746
-0.201702
-0.172835
-0.144797
-0.116669
-0.088083
-0.058502
-0.030304
0.007468
0.026377
0.042161
0.031532
0.018321
0.006544
-0.001887
-0.012089
-0.011233
-0.005644
0.007070
0.022307
0.026822
0.018729
0.001690
-0.016413
-0.021493
-0.011802
0.002002
0.015670
0.015684
0.002061
-0.019096
-0.036839
-0.037887
-0.027993
-0.019102
-0.007330
0.004801
0.010796
0.016745
0.004117
-0.017776
-0.039685
-0.038574
-0.032100
-0.025839
-0.020188
-0.014438
-0.007683
-0.001173
0.004874
0.004252
-0.009270
-0.040502
-0.052922
-0.057095
-0.066144
-0.060458
-0.056629
-0.053827
-0.050746
-0.047854
-0.044717
-0.039629
-0.036599
-0.032199
-0.027877
-0.022921
-0.017538
-0.012382
-0.006075
0.001113
0.008673
0.013295
0.003566
-0.019548
-0.041643
-0.041883
-0.039546
-0.034002
-0.025476
-0.016822
-0.009637
0.000543
0.011167
0.014639
0.001879
-0.019382
-0.034491
-0.039738
-0.038662
-0.026856
-0.014879
-0.000820
0.012041
0.018040
0.007686
-0.011458
-0.031853
-0.037667
-0.028467
-0.014540
0.000102
0.015701
0.020819
0.013429
0.000958
-0.017679
-0.034389
-0.029922
-0.012851
0.003238
0.016764
0.021713
0.010355
-0.005372
-0.022594
-0.036001
-0.032239
-0.018973
-0.003020
0.013610
0.000000
0.000000
0.000000
0.000000
0.000000
0.000000
0.000000
0.000000
0.000000
0.000000
0.000000
0.000000
0.000000
0.000000
0.000000
0.000000
0.000000
0.000000
0.000000
-0.237742
-0.243181
-0.239466
-0.238190
-0.281348
-0.337571
-0.361222
-0.383318
-0.398350
-0.383415
-0.365763
-0.348178
-0.329991
-0.311537
-0.293267
-0.273540
-0.254136
-0.233145
-0.212377
-0.192274
-0.172200
-0.151359
-0.131327
-0.109209
-0.088475
-0.065744
-0.044518
-0.024517
-0.004822
0.009322
0.011187
0.002047
-0.007145
-0.016626
-0.021057
-0.018291
-0.012260
-0.008903
-0.009212
-0.010681
-0.013264
-0.015206
-0.015685
-0.014024
-0.011543
-0.009802
-0.009385
-0.010209
-0.012027
-0.012353
-0.010641
-0.007083
-0.003705
-0.002379
-0.004439
-0.009795
-0.013461
-0.010528
-0.004395
0.001855
0.003634
-0.004826
-0.022218
-0.029264
-0.021708
-0.013364
-0.004425
0.003941
0.009108
-0.002665
-0.020957
-0.032332
-0.029460
-0.025732
-0.015529
-0.003879
0.009346
0.020148
0.006514
-0.013035
-0.031830
-0.029058
-0.018342
-0.004193
0.018039
0.031767
0.038692
0.032930
0.018592
0.003974
-0.011174
-0.018660
-0.018668
-0.005627
0.014266
0.031559
0.033748
0.019776
0.005796
-0.006505
-0.016981
-0.004515
0.015480
0.031035
0.026232
0.019111
0.009963
0.000091
-0.010030
-0.007790
0.013313
0.037920
0.051086
0.043220
0.039025
0.032110
0.023415
0.014000
0.008943
-0.000739
-0.009437
-0.008521
0.011954
0.035043
0.053387
0.055990
0.049650
0.042548
0.034607
0.026292
0.017668
0.009282
0.000785
-0.008376
-0.015439
0.002989
0.025928
0.039062
0.039735
0.034923
0.025084
0.015215
0.004819
-0.005351
-0.012284
-0.001864
0.017859
0.034523
0.041790
0.030651
0.015718
0.003088
-0.011515
-0.015374
-0.011912
0.004109
0.025480
0.034374
0.026377
0.016688
0.003349
-0.010606
-0.015126
-0.006816
0.012331
0.030235
0.032241
0.027954
0.015528
0.002175
-0.011403
-0.014564
-0.003938
0.015781
0.033375
0.036846
0.032564
0.020101
0.006912
-0.006393
-0.023919
-0.027814
-0.010421
0.008480
0.028841
0.041717
0.037570
0.028539
0.011156
0.001434
-0.009640
-0.015472
-0.006199
0.011312
0.032088
0.039047
0.031228
0.018034
0.005302
-0.012461
-0.020319
-0.022263
