0.000000
0.000000
0.000000
0.000000
0.000000
0.000000
0.000000
0.000000
0.000000
0.000000
0.000000
0.000000
0.000000
0.000000
0.000000
0.000000
0.000000
0.000000
0.000000
0.000000
0.000000
0.000000
0.000000
0.000000
0.000000
0.000000
0.000000
0.000000
0.000000
0.000000
0.000000
0.000000
0.000000
0.000000
0.000000
0.000000
0.000000
0.000000
0.000000
0.000000
0.000000
0.000000
0.000000
0.000000
0.000000
0.000000
0.000000
0.000000
0.000000
0.000000
0.000000
0.000000
0.000000
0.000000
0.000000
0.000000
0.000000
0.000000
0.000000
0.000000
0.000000
0.000000
0.000000
0.000000
0.000000
0.000000
0.000000
0.000000
0.000000
0.000000
0.000000
0.000000
0.000000
0.000000
0.000000
0.000000
0.000000
0.000000
0.000000
0.000000
0.000000
0.000000
0.000000
0.000000
0.000000
0.000000
0.000000
0.000000
0.000000
0.000000
0.617545
0.629622
0.644877
0.654012
0.656462
0.657733
0.653311
0.656270
0.662287
0.668254
0.673294
0.677388
0.680539
0.683260
0.684988
0.685734
0.686124
0.686523
0.683185
0.679197
0.676087
0.669516
0.663747
0.657562
0.649084
0.639237
0.624815
0.617763
0.608623
0.598560
0.587497
0.578887
0.574206
0.568504
0.563458
0.561300
0.560259
0.558820
0.558820
0.558197
0.558062
0.557944
0.557747
0.556815
0.556185
0.555934
0.554737
0.555647
0.555482
0.555117
0.553715
0.551691
0.550223
0.547463
0.546495
0.546362
0.545399
0.543649
0.542316
0.540695
0.540499
0.539626
0.537196
0.536196
0.536681
0.536290
0.536436
0.537566
0.537942
0.539661
0.540216
0.539759
0.539457
0.536769
0.532332
0.528226
0.523626
0.520306
0.517827
0.516071
0.514703
0.513360
0.512589
0.513948
0.515658
0.517814
0.521191
0.524803
0.528464
0.532319
0.535009
0.536498
0.539060
0.540036
0.542007
0.542426
0.541960
0.540009
0.539710
0.540102
0.541652
0.543472
0.545858
0.549097
0.549622
0.550199
0.551394
0.552377
0.552024
0.550719
0.550137
0.548705
0.547887
0.549615
0.551001
0.551631
0.554229
0.554189
0.553660
0.551301
0.550435
0.550966
0.552590
0.554508
0.554552
0.554677
0.554256
0.554112
0.552922
0.551881
0.552381
0.553647
0.554577
0.555501
0.555728
0.556144
0.556130
0.555166
0.554307
0.000000
0.000000
0.000000
0.000000
0.000000
0.000000
0.000000
0.000000
0.000000
0.000000
0.000000
0.000000
0.000000
0.000000
0.000000
0.000000
0.000000
0.000000
0.000000
0.857738
0.879046
0.900609
0.917019
0.916903
0.905015
0.896723
0.886916
0.877321
0.878593
0.879370
0.879658
0.880057
0.880011
0.879212
0.877306
0.875648
0.871298
0.867493
0.864877
0.860946
0.857187
0.854248
0.847747
0.841001
0.832397
0.824807
0.817749
0.808635
0.800283
0.792656
0.782887
0.775658
0.765594
0.755125
0.745077
0.733889
0.723574
0.714353
0.704708
0.694552
0.684026
0.674583
0.663949
0.653384
0.642395
0.631596
0.620024
0.609749
0.598907
0.587323
0.577779
0.568981
0.563350
0.557632
0.553986
0.550537
0.547773
0.545740
0.544650
0.543931
0.542786
0.541704
0.540020
0.538147
0.537437
0.536578
0.537449
0.540207
0.540511
0.541071
0.542460
0.544697
0.544931
0.544609
0.544874
0.544955
0.543109
0.546463
0.548053
0.549147
0.550407
0.551354
0.550958
0.550110
0.550098
0.550471
0.551556
0.551730
0.551693
0.551577
0.552457
0.554093
0.555404
0.554440
0.552491
0.551539
0.553500
0.551431
0.551607
0.550872
0.551274
0.550928
0.549116
0.548983
0.548550
0.548822
0.548635
0.549424
0.548358
0.546660
0.544510
0.542137
0.542104
0.541250
0.539774
0.536066
0.537122
0.537254
0.538750
0.540629
0.543379
0.542944
0.542567
0.542311
0.543215
0.542249
0.539886
0.537780
0.535928
0.535093
0.535894
0.538372
0.540780
0.543500
0.545963
0.545190
0.544478
0.546357
0.547583
0.546995
0.546809
0.547369
0.548139
0.548193
0.549457
0.550395
0.550376
0.551710
0.553765
0.553084
0.551801
0.550261
0.551238
0.552108
0.553801
0.552639
0.553519
0.555034
0.554088
0.553773
0.553542
0.554597
0.554280
0.554846
0.554313
0.554235
0.555136
0.554776
0.554677
0.555170
0.555241
0.555755
0.554391
0.551206
0.550329
0.551006
0.550874
0.550396
0.549498
0.549265
0.548598
0.548678
0.548112
0.548637
0.548575
0.548609
0.547363
0.545685
0.544142
0.541674
0.537587
0.533322
0.527719
0.521638
0.516866
0.511862
0.505754
0.499591
0.494721
0.491758
0.490540
