0.030000
0.030000
0.030000
0.030000
0.030000
0.030000
0.030000
0.030000
0.030000
0.030000
0.030000
0.030000
0.030000
0.030000
0.030000
0.030000
0.030000
0.030000
0.030000
0.030000
0.030000
0.030000
0.030000
0.030000
0.030000
0.030000
0.030000
0.030000
0.030000
0.030000
0.030000
0.030000
0.030000
0.030000
0.030000
0.030000
0.030000
0.030000
0.030000
0.030000
0.030000
0.030000
0.030000
0.030000
0.030000
0.030000
0.030000
0.030000
0.030000
0.030000
0.030000
0.030000
0.030000
0.030000
0.030000
0.030000
0.030000
0.030000
0.030000
0.030000
0.030000
0.030000
0.030000
0.030000
0.030000
0.030000
0.030000
0.030000
0.030000
0.030000
0.030000
0.030000
0.030000
0.030000
0.030000
0.030000
0.030000
0.030000
0.030000
0.030000
0.030000
0.030000
0.030000
0.030000
0.030000
0.030000
0.030000
0.030000
0.030000
0.030000
-0.168211
-0.168167
-0.168527
-0.158845
-0.149635
-0.140874
-0.132541
-0.124613
-0.117073
-0.109900
-0.103077
-0.096587
-0.090413
-0.084540
-0.078954
-0.073640
-0.068586
-0.063778
-0.059204
-0.054854
-0.050715
-0.046779
-0.043034
-0.039472
-0.036084
-0.032861
-0.029795
-0.026879
-0.024105
-0.021466
-0.018956
-0.016569
-0.014297
-0.012137
-0.010082
-0.008127
-0.006268
-0.004499
-0.002816
-0.001216
0.000307
0.001755
0.003132
0.004443
0.005689
0.006875
0.008003
0.009075
0.010096
0.011067
0.011990
0.012868
0.013704
0.014499
0.015255
0.015974
0.016658
0.017309
0.017928
0.018516
0.019076
0.019609
0.020116
0.020598
0.021056
0.021493
0.021908
0.022302
0.022678
0.023035
0.023374
0.023698
0.024005
0.024297
0.024575
0.024840
0.025092
0.025331
0.025559
0.025775
0.025981
0.026177
0.026364
0.026541
0.026710
0.026870
0.027023
0.027168
0.027306
0.027438
0.027563
0.027681
0.027795
0.027902
0.028004
0.028102
0.028194
0.028282
0.028366
0.028446
0.028522
0.028594
0.028662
0.028728
0.028790
0.028849
0.028905
0.028958
0.029009
0.029057
0.029103
0.029147
0.029189
0.029228
0.029266
0.029302
0.029336
0.029368
0.029399
0.029428
0.029456
0.029483
0.029508
0.029532
0.029555
0.029576
0.029597
0.029617
0.029635
0.029653
0.029670
0.029686
0.029702
0.029716
0.029730
0.029743
0.029756
0.029768
0.029779
0.029790
0.029800
0.029810
0.029819
0.029828
0.029836
0.029844
0.029852
0.029859
0.029866
0.029872
0.029879
0.029885
0.029890
0.029896
0.029901
0.029905
0.029910
0.029914
0.029919
0.029923
0.029926
0.029930
0.029933
0.029937
0.029940
0.029943
0.029945
0.029948
0.029951
0.029953
0.029955
0.029958
0.029960
0.029962
0.029963
0.029965
0.029967
0.029969
0.029970
0.029972
0.029973
0.029974
0.029975
0.029977
0.029978
0.029979
0.029980
0.029981
0.029982
0.029983
0.029984
0.029984
0.029985
0.029986
0.029987
0.029987
0.029988
0.029988
0.029989
0.029990
0.029990
0.029991
0.029991
0.029991
0.029992
0.029992
0.029993
0.029993
0.029993
0.029994
0.029994
0.029994
0.029995
0.029995
0.029995
0.029995
0.029996
0.029996
0.029996
0.029996
0.029996
0.029997
0.029997
0.029997
0.029997
0.029997
0.029997
0.029997
0.029998
0.029998
0.029998
0.029998
0.029998
0.029998
0.029998
0.029998
0.029998
0.029998
0.029999
0.029999
0.029999
0.029999
0.029999
0.029999
0.029999
0.029999
0.029999
0.029999
0.029999
0.029999
0.029999
0.029999
0.029999
0.029999
0.029999
0.029999
0.029999
0.029999
0.029999
0.029999
0.030000
0.030000
0.030000
0.030000
0.030000
0.030000
0.030000
0.030000
0.030000
0.030000
0.030000
0.030000
0.030000
0.030000
0.030000
0.030000
0.030000
0.030000
0.030000
0.030000
0.030000
0.030000
0.030000
0.030000
0.030000
0.030000
0.030000
0.030000
0.030000
0.030000
0.030000
0.030000
0.030000
0.030000
0.030000
0.030000
0.030000
0.030000
0.030000
0.030000
0.030000
0.030000
0.030000
0.030000
0.030000
0.030000
0.030000
0.030000
0.030000
0.030000
0.030000
0.030000
0.030000
0.030000
0.030000
0.030000
0.030000
0.030000
0.030000
0.030000
0.030000
0.030000
0.030000
0.030000
0.030000
0.030000
0.030000
0.030000
0.030000
0.030000
0.030000
0.030000
0.030000
0.030000
0.030000
0.030000
0.030000
0.030000
0.030000
0.030000
0.030000
0.030000
0.030000
0.030000
0.030000
0.030000
0.030000
0.030000
0.030000
0.030000
0.030000
0.030000
0.030000
0.030000
0.030000
0.030000
0.030000
0.030000
0.030000
0.030000
