0.050000
0.050000
0.050000
0.050000
0.050000
0.050000
0.050000
0.050000
0.050000
0.050000
0.050000
0.050000
0.050000
0.050000
0.050000
0.050000
0.050000
0.050000
0.050000
0.050000
0.050000
0.050000
0.050000
0.050000
0.050000
0.050000
0.050000
0.050000
0.050000
0.050000
0.050000
0.050000
0.050000
0.050000
0.050000
0.050000
0.050000
0.050000
0.050000
0.050000
0.050000
0.050000
0.050000
0.050000
0.050000
0.050000
0.050000
0.050000
0.050000
0.050000
0.050000
0.050000
0.050000
0.050000
0.050000
0.050000
0.050000
0.050000
0.050000
0.050000
0.050000
0.050000
0.050000
0.050000
0.050000
0.050000
0.050000
0.050000
0.050000
0.050000
0.050000
0.050000
0.050000
0.050000
0.050000
0.050000
0.050000
0.050000
0.050000
0.050000
0.050000
0.050000
0.050000
0.050000
0.050000
0.050000
0.050000
0.050000
0.050000
0.050000
0.805620
0.827476
0.855083
0.778470
0.709147
0.646420
0.589664
0.538308
0.491839
0.449793
0.411747
0.377322
0.346174
0.317989
0.292486
0.269411
0.248531
0.229638
0.212544
0.197075
0.183079
0.170415
0.158956
0.148588
0.139206
0.130717
0.123036
0.116085
0.109796
0.104106
0.098957
0.094298
0.090083
0.086268
0.082817
0.079694
0.076868
0.074311
0.071998
0.069905
0.068010
0.066296
0.064746
0.063342
0.062073
0.060924
0.059884
0.058944
0.058093
0.057322
0.056626
0.055995
0.055425
0.054908
0.054441
0.054019
0.053636
0.053290
0.052977
0.052694
0.052437
0.052205
0.051996
0.051806
0.051634
0.051478
0.051338
0.051210
0.051095
0.050991
0.050897
0.050811
0.050734
0.050664
0.050601
0.050544
0.050492
0.050445
0.050403
0.050365
0.050330
0.050298
0.050270
0.050244
0.050221
0.050200
0.050181
0.050164
0.050148
0.050134
0.050121
0.050110
0.050099
0.050090
0.050081
0.050074
0.050067
0.050060
0.050055
0.050049
0.050045
0.050040
0.050037
0.050033
0.050030
0.050027
0.050025
0.050022
0.050020
0.050018
0.050016
0.050015
0.050013
0.050012
0.050011
0.050010
0.050009
0.050008
0.050007
0.050007
0.050006
0.050005
0.050005
0.050004
0.050004
0.050004
0.050003
0.050003
0.050003
0.050002
0.050002
0.050002
0.050002
0.050002
0.050001
0.050001
0.050001
0.050001
0.050001
0.050001
0.050001
0.050001
0.050001
0.050001
0.050001
0.050000
0.050000
0.050000
0.050000
0.050000
0.050000
0.050000
0.050000
0.050000
0.050000
0.050000
0.050000
0.050000
0.050000
0.050000
0.050000
0.050000
0.050000
0.050000
0.050000
0.050000
0.050000
0.050000
0.050000
0.050000
0.050000
0.050000
0.050000
0.050000
0.050000
0.050000
0.050000
0.050000
0.050000
0.050000
0.050000
0.050000
0.050000
0.050000
0.050000
0.050000
0.050000
0.050000
0.050000
0.050000
0.050000
0.050000
0.050000
0.050000
0.050000
0.050000
0.050000
0.050000
0.050000
0.050000
0.050000
0.050000
0.050000
0.050000
0.050000
0.050000
0.050000
0.050000
0.050000
0.050000
0.050000
0.050000
0.050000
0.050000
0.050000
0.050000
0.050000
0.050000
0.050000
0.050000
0.050000
0.050000
0.050000
0.050000
0.050000
0.050000
0.050000
0.050000
0.050000
0.050000
0.050000
0.050000
0.050000
0.050000
0.050000
0.050000
0.050000
0.050000
0.050000
0.050000
0.050000
0.050000
0.050000
0.050000
0.050000
0.050000
0.050000
0.050000
0.050000
0.050000
0.050000
0.050000
0.050000
0.050000
0.050000
0.050000
0.050000
0.050000
0.050000
0.050000
0.050000
0.050000
0.050000
0.050000
0.050000
0.050000
0.050000
0.050000
0.050000
0.050000
0.050000
0.050000
0.050000
0.050000
0.050000
0.050000
0.050000
0.050000
0.050000
0.050000
0.050000
0.050000
0.050000
0.050000
0.050000
0.050000
0.050000
0.050000
0.050000
0.050000
0.050000
0.050000
0.050000
0.050000
0.050000
0.050000
0.050000
0.050000
0.050000
0.050000
0.050000
0.050000
0.050000
0.050000
0.050000
0.050000
0.050000
0.050000
0.050000
0.050000
0.050000
0.050000
0.050000
0.050000
0.050000
0.050000
0.050000
0.050000
0.050000
0.050000
0.050000
0.050000
0.050000
0.050000
0.050000
0.050000
0.050000
0.050000
0.050000
0.050000
0.050000
0.050000
0.050000
0.050000
0.050000
0.050000
0.050000
0.050000
0.050000
0.050000
0.050000
0.050000
0.050000
0.050000
0.050000
0.050000
0.050000
0.050000
0.050000
0.050000
0.050000
0.050000
0.050000
0.050000
0.050000
0.050000
0.050000
0.050000
0.050000
0.050000
