0.030000
0.030000
0.030000
0.030000
0.030000
0.030000
0.030000
0.030000
0.030000
0.030000
0.030000
0.030000
0.030000
0.030000
0.030000
0.030000
0.030000
0.030000
0.030000
0.030000
0.030000
0.030000
0.030000
0.030000
0.030000
0.030000
0.030000
0.030000
0.030000
0.030000
0.030000
0.030000
0.030000
0.030000
0.030000
0.030000
0.030000
0.030000
0.030000
0.030000
0.030000
0.030000
0.030000
0.030000
0.030000
0.030000
0.030000
0.030000
0.030000
0.030000
0.030000
0.030000
0.030000
0.030000
0.030000
0.030000
0.030000
0.030000
0.030000
0.030000
0.030000
0.030000
0.030000
0.030000
0.030000
0.030000
0.030000
0.030000
0.030000
0.030000
0.030000
0.030000
0.030000
0.030000
0.030000
0.030000
0.030000
0.030000
0.030000
0.030000
0.030000
0.030000
0.030000
0.030000
0.030000
0.030000
0.030000
0.030000
0.030000
0.030000
0.024568
0.024628
0.024434
0.024705
0.024964
0.025209
0.025443
0.025665
0.025877
0.026078
0.026269
0.026451
0.026624
0.026789
0.026945
0.027094
0.027236
0.027371
0.027499
0.027621
0.027737
0.027847
0.027952
0.028052
0.028147
0.028238
0.028324
0.028405
0.028483
0.028557
0.028627
0.028694
0.028758
0.028819
0.028876
0.028931
0.028983
0.029033
0.029080
0.029125
0.029167
0.029208
0.029247
0.029283
0.029318
0.029352
0.029383
0.029413
0.029442
0.029469
0.029495
0.029520
0.029543
0.029565
0.029587
0.029607
0.029626
0.029644
0.029662
0.029678
0.029694
0.029709
0.029723
0.029736
0.029749
0.029761
0.029773
0.029784
0.029795
0.029805
0.029814
0.029823
0.029832
0.029840
0.029848
0.029855
0.029862
0.029869
0.029875
0.029882
0.029887
0.029893
0.029898
0.029903
0.029908
0.029912
0.029917
0.029921
0.029924
0.029928
0.029932
0.029935
0.029938
0.029941
0.029944
0.029947
0.029949
0.029952
0.029954
0.029956
0.029959
0.029961
0.029962
0.029964
0.029966
0.029968
0.029969
0.029971
0.029972
0.029974
0.029975
0.029976
0.029977
0.029978
0.029979
0.029980
0.029981
0.029982
0.029983
0.029984
0.029985
0.029985
0.029986
0.029987
0.029988
0.029988
0.029989
0.029989
0.029990
0.029990
0.029991
0.029991
0.029992
0.029992
0.029992
0.029993
0.029993
0.029993
0.029994
0.029994
0.029994
0.029995
0.029995
0.029995
0.029995
0.029996
0.029996
0.029996
0.029996
0.029996
0.029997
0.029997
0.029997
0.029997
0.029997
0.029997
0.029997
0.029998
0.799115
0.812700
0.815235
0.776938
0.740510
0.705858
0.672896
0.641541
0.611716
0.583346
0.556359
0.530688
0.506269
0.483041
0.460946
0.439929
0.419936
0.400919
0.382829
0.365621
0.349253
0.333683
0.318872
0.304783
0.291382
0.278634
0.266508
0.254974
0.244001
0.233564
0.223637
0.214193
0.205210
0.196664
0.188536
0.180804
0.173449
0.166453
0.159798
0.153468
0.147446
0.141719
0.136270
0.131087
0.126157
0.121467
0.117006
0.112763
0.108727
0.104887
0.101235
0.097761
0.094456
0.091312
0.088322
0.085478
0.082772
0.080198
0.077750
0.075421
0.073206
0.071099
0.069095
0.067188
0.065374
0.063649
0.062008
0.060447
0.058962
0.057549
0.056206
0.054928
0.053712
0.052556
0.051456
0.050409
0.049414
0.048467
0.047566
0.046710
0.045895
0.045119
0.044382
0.043681
0.043013
0.042379
0.041775
0.041201
0.040655
0.040135
0.039641
0.039170
0.038723
0.038298
0.037893
0.037508
0.037142
0.036794
0.036462
0.036147
0.035847
0.035562
0.035291
0.035033
0.034787
0.034554
0.034332
0.034121
0.033920
0.033728
0.033547
0.033374
0.033209
0.033053
0.032904
0.032762
0.032627
0.032499
0.032377
0.032261
0.032151
0.032046
0.031946
0.031851
0.031761
0.031675
0.031594
0.031516
0.031442
0.031372
0.031305
0.031241
0.031181
0.031123
0.031068
0.031016
0.030967
0.030919
0.030875
0.030832
0.030791
0.030753
0.030716
0.030681
0.030648
0.030616
0.030586
0.030558
0.030530
0.030505
0.030480
0.030457
0.030434
0.030413
0.030393
0.030374
0.030356
0.030338
0.030322
0.030306
0.030291
0.030277
0.030263
0.030251
0.030238
0.030227
0.030216
0.030205
0.030195
0.030186
0.030177
0.030168
0.030160
0.030152
0.030145
0.030138
0.030131
0.030124
0.030118
0.030113
0.030107
0.030102
0.030097
0.030092
0.030088
0.030083
0.030079
0.030075
0.030072
0.030068
0.030065
0.030062
0.030059
0.030056
0.030053
0.030051
0.030048
0.030046
0.030044
0.030041
0.030039
0.030037
