0.000000
0.000000
0.000000
0.000000
0.000000
0.000000
0.000000
0.000000
0.000000
0.000000
0.000000
0.000000
0.000000
0.000000
0.000000
0.000000
0.000000
0.000000
0.000000
0.000000
0.000000
0.000000
0.000000
0.000000
0.000000
0.000000
0.000000
0.000000
0.000000
0.000000
0.000000
0.000000
0.000000
0.000000
0.000000
0.000000
0.000000
0.000000
0.000000
0.000000
0.000000
0.000000
0.000000
0.000000
0.000000
0.000000
0.000000
0.000000
0.000000
0.000000
0.000000
0.000000
0.000000
0.000000
0.000000
0.000000
0.000000
0.000000
0.000000
0.000000
0.000000
0.000000
0.000000
0.000000
0.000000
0.000000
0.000000
0.000000
0.000000
0.000000
0.000000
0.000000
0.000000
0.000000
0.000000
0.000000
0.000000
0.000000
0.000000
0.000000
0.000000
0.000000
0.000000
0.000000
0.000000
0.000000
0.000000
0.000000
0.000000
0.000000
0.417173
0.434600
0.450246
0.460455
0.464788
0.468222
0.467212
0.463808
0.461530
0.458629
0.454821
0.450727
0.445219
0.439633
0.433469
0.426593
0.418957
0.412042
0.401177
0.389298
0.381871
0.371109
0.362683
0.354826
0.345643
0.337751
0.327856
0.324079
0.321072
0.316827
0.313914
0.311666
0.310704
0.308876
0.308149
0.307866
0.307822
0.307780
0.304924
0.307556
0.307706
0.308418
0.308049
0.307645
0.308184
0.309027
0.306789
0.307842
0.307683
0.307582
0.306159
0.308223
0.305535
0.304372
0.303644
0.303851
0.303759
0.304277
0.301821
0.300596
0.300051
0.300405
0.299892
0.300909
0.301632
0.301180
0.301326
0.302149
0.302855
0.303420
0.304164
0.304265
0.305187
0.305231
0.303825
0.304716
0.305085
0.305567
0.305837
0.306077
0.306646
0.305597
0.305054
0.305948
0.306597
0.307624
0.308061
0.308599
0.308534
0.309360
0.309999
0.310588
0.310843
0.311234
0.311950
0.312150
0.312502
0.311573
0.311121
0.310813
0.311797
0.312074
0.312333
0.312823
0.312291
0.312481
0.313237
0.314041
0.314510
0.315102
0.315945
0.314093
0.313802
0.313497
0.311684
0.312428
0.313054
0.313548
0.314523
0.313745
0.313071
0.313040
0.312921
0.313207
0.313645
0.314302
0.313681
0.314400
0.313827
0.314190
0.314448
0.315716
0.316039
0.316793
0.315445
0.315281
0.315822
0.315230
0.315006
0.315985
0.316688
0.316976
0.316308
0.315702
0.315104
0.314581
0.314455
0.314652
0.315154
0.314515
0.314719
0.315573
0.315738
0.315536
0.315222
0.314627
0.314724
0.314459
0.314395
0.314622
0.318037
0.326834
0.336827
0.347512
0.356486
0.363513
0.370513
0.375231
0.378565
0.379396
0.378600
0.377311
0.374776
0.371256
0.368381
0.363405
0.359959
0.357413
0.354978
0.352993
0.351240
0.347671
0.343854
0.338540
0.335173
0.333486
0.329590
0.328490
0.326780
0.323471
0.321869
0.319003
0.315796
0.313299
0.310386
0.308505
0.308441
0.308116
0.307812
0.307098
0.307766
0.307034
0.306333
0.305766
0.305566
0.304440
0.304809
0.305359
0.304706
0.305380
0.304898
0.307274
0.304708
0.307047
0.307160
0.306748
0.306941
0.307379
0.307100
0.307916
0.306613
0.304829
0.303316
0.303510
0.303384
0.303980
0.306146
0.305491
0.305183
0.306364
0.308438
0.308619
0.309313
0.310243
0.310185
0.309648
0.310330
0.311111
0.312205
0.312576
0.312389
0.311716
0.312022
0.312337
0.312810
0.312746
0.313516
0.314201
0.314405
0.314312
0.313934
0.314074
0.314218
0.313298
0.311740
0.312528
0.311317
0.311514
0.311373
0.311077
0.311104
0.310031
0.309657
0.309859
0.310021
0.309265
0.310068
0.309080
0.307690
0.307864
0.306881
0.306690
0.307601
0.307514
0.305275
0.306943
0.307706
0.308502
0.309328
0.310423
0.309123
0.307987
0.308933
0.309332
0.310374
0.311007
0.311407
0.310388
0.309275
0.309620
0.310475
0.310702
0.311414
0.312396
0.311717
0.310884
0.311426
0.312716
0.313388
0.314029
0.314578
0.314680
0.313674
0.313154
0.313893
0.314479
0.315212
0.315816
0.316019
0.315293
0.313593
0.314196
0.314742
0.315350
0.315039
0.314844
0.314786
0.313357
0.312857
0.313212
0.314532
0.314574
0.315040
0.315746
0.314480
0.314171
0.313873
0.314807
0.315130
0.315475
0.316062
0.314820
0.312129
0.308716
0.310423
0.311248
0.311841
0.312017
0.310522
0.310211
0.309970
0.309426
0.310554
0.310188
0.309021
0.310410
0.309660
0.308469
0.305359
0.300454
0.294181
0.288330
0.282209
0.276982
0.271635
0.266942
0.263333
0.259611
0.255877
0.253566
