0.050000
0.050000
0.050000
0.050000
0.050000
0.050000
0.050000
0.050000
0.050000
0.050000
0.050000
0.050000
0.050000
0.050000
0.050000
0.050000
0.050000
0.050000
0.050000
0.050000
0.050000
0.050000
0.050000
0.050000
0.050000
0.050000
0.050000
0.050000
0.050000
0.050000
0.050000
0.050000
0.050000
0.050000
0.050000
0.050000
0.050000
0.050000
0.050000
0.050000
0.050000
0.050000
0.050000
0.050000
0.050000
0.050000
0.050000
0.050000
0.050000
0.050000
0.050000
0.050000
0.050000
0.050000
0.050000
0.050000
0.050000
0.050000
0.050000
0.050000
0.050000
0.050000
0.050000
0.050000
0.050000
0.050000
0.050000
0.050000
0.050000
0.050000
0.050000
0.050000
0.050000
0.050000
0.050000
0.050000
0.050000
0.050000
0.050000
0.050000
0.050000
0.050000
0.050000
0.050000
0.050000
0.050000
0.050000
0.050000
0.050000
0.050000
0.406819
0.438357
0.466671
0.427019
0.391141
0.358677
0.329303
0.302724
0.278674
0.256913
0.237222
0.219406
0.203285
0.188698
0.175499
0.163556
0.152750
0.142972
0.134124
0.126119
0.118875
0.112321
0.106390
0.101024
0.096168
0.091775
0.087800
0.084202
0.080948
0.078003
0.075338
0.072927
0.070745
0.068771
0.066984
0.065368
0.063906
0.062582
0.061385
0.060302
0.059321
0.058434
0.057632
0.056905
0.056248
0.055654
0.055116
0.054629
0.054188
0.053790
0.053429
0.053103
0.052808
0.052540
0.052299
0.052080
0.051882
0.051703
0.051541
0.051394
0.051261
0.051141
0.051033
0.050935
0.050846
0.050765
0.050692
0.050626
0.050567
0.050513
0.050464
0.050420
0.050380
0.050344
0.050311
0.050281
0.050255
0.050230
0.050209
0.050189
0.050171
0.050154
0.050140
0.050126
0.050114
0.050104
0.050094
0.050085
0.050077
0.050069
0.050063
0.050057
0.050051
0.050047
0.050042
0.050038
0.050034
0.050031
0.050028
0.050026
0.050023
0.050021
0.050019
0.050017
0.050015
0.050014
0.050013
0.050011
0.050010
0.050009
0.050008
0.050008
0.050007
0.050006
0.050006
0.050005
0.050005
0.050004
0.050004
0.050003
0.050003
0.050003
0.050003
0.050002
0.050002
0.050002
0.050002
0.050002
0.050001
0.050001
0.050001
0.050001
0.050001
0.050001
0.050001
0.050001
0.050001
0.050001
0.050001
0.050000
0.050000
0.050000
0.050000
0.050000
0.050000
0.050000
0.050000
0.050000
0.050000
0.050000
0.050000
0.050000
0.050000
0.050000
0.050000
0.050000
0.050000
0.050000
0.241110
0.240699
0.234521
0.216961
0.201073
0.186696
0.173688
0.161917
0.151267
0.141630
0.132911
0.125021
0.117881
0.111422
0.105577
0.100288
0.095502
0.091172
0.087254
0.083709
0.080501
0.077599
0.074972
0.072596
0.070445
0.068500
0.066739
0.065146
0.063705
0.062401
0.061221
0.060153
0.059187
0.058313
0.057521
0.056806
0.056158
0.055572
0.055042
0.054562
0.054128
0.053735
0.053380
0.053058
0.052767
0.052504
0.052265
0.052050
0.051855
0.051678
0.051519
0.051374
0.051243
0.051125
0.051018
0.050921
0.050833
0.050754
0.050682
0.050617
0.050559
0.050505
0.050457
0.050414
0.050374
0.050339
0.050307
0.050277
0.050251
0.050227
0.050206
0.050186
0.050168
0.050152
0.050138
0.050125
0.050113
0.050102
0.050092
0.050084
0.050076
0.050068
0.050062
0.050056
0.050051
0.050046
0.050041
0.050038
0.050034
0.050031
0.050028
0.050025
0.050023
0.050021
0.050019
0.050017
0.050015
0.050014
0.050012
0.050011
0.050010
0.050009
0.050008
0.050008
0.050007
0.050006
0.050006
0.050005
0.050005
0.050004
0.050004
0.050003
0.050003
0.050003
0.050003
0.050002
0.050002
0.050002
0.050002
0.050002
0.050001
0.050001
0.050001
0.050001
0.050001
0.050001
0.050001
0.050001
0.050001
0.050001
0.050001
0.050000
0.050000
0.050000
0.050000
0.050000
0.050000
0.050000
0.050000
0.050000
0.050000
0.050000
0.050000
0.050000
0.050000
0.050000
0.050000
0.050000
0.050000
0.050000
0.050000
0.050000
0.050000
0.050000
0.050000
0.050000
0.050000
0.050000
0.050000
0.050000
0.050000
0.050000
0.050000
0.050000
0.050000
0.050000
0.050000
0.050000
0.050000
0.050000
0.050000
0.050000
0.050000
0.050000
0.050000
0.050000
0.050000
0.050000
0.050000
0.050000
0.050000
0.050000
0.050000
0.050000
0.050000
0.050000
0.050000
0.050000
0.050000
0.050000
0.050000
0.050000
0.050000
0.050000
0.050000
0.050000
0.050000
0.050000
0.050000
0.050000
0.050000
0.050000
