0.000000
0.000000
0.000000
0.000000
0.000000
0.000000
0.000000
0.000000
0.000000
0.000000
0.000000
0.000000
0.000000
0.000000
0.000000
0.000000
0.000000
0.000000
0.000000
0.000000
0.000000
0.000000
0.000000
0.000000
0.000000
0.000000
0.000000
0.000000
0.000000
0.000000
0.000000
0.000000
0.000000
0.000000
0.000000
0.000000
0.000000
0.000000
0.000000
0.000000
0.000000
0.000000
0.000000
0.000000
0.000000
0.000000
0.000000
0.000000
0.000000
0.000000
0.000000
0.000000
0.000000
0.000000
0.000000
0.000000
0.000000
0.000000
0.000000
0.000000
0.000000
0.000000
0.000000
0.000000
0.000000
0.000000
0.000000
0.000000
0.000000
0.000000
0.000000
0.000000
0.000000
0.000000
0.000000
0.000000
0.000000
0.000000
0.000000
0.000000
0.000000
0.000000
0.000000
0.000000
0.000000
0.000000
0.000000
0.000000
0.000000
0.000000
0.197145
0.197176
0.197074
0.196599
0.195639
0.193775
0.190394
0.178115
0.163891
0.147999
0.131517
0.115169
0.097960
0.080012
0.061870
0.043536
0.024026
0.004988
-0.015031
-0.032075
-0.041590
-0.040204
-0.037878
-0.036139
-0.033657
-0.032860
-0.027860
-0.026229
-0.024682
-0.021970
-0.019063
-0.016811
-0.015447
-0.012899
-0.010560
-0.007083
-0.005273
-0.003704
-0.004198
-0.007279
-0.009881
-0.009896
-0.007916
-0.006174
-0.005765
-0.005796
-0.006032
-0.008357
-0.010543
-0.011593
-0.011002
-0.011107
-0.009702
-0.009407
-0.008861
-0.008736
-0.007916
-0.007524
-0.006182
-0.005780
-0.006809
-0.008379
-0.009002
-0.008624
-0.007995
-0.006855
-0.006251
-0.006620
-0.007455
-0.008068
-0.008402
-0.008621
-0.008560
-0.007815
-0.005544
-0.004840
-0.006264
-0.009067
-0.010854
-0.009605
-0.007410
-0.005726
-0.004167
-0.004713
-0.006015
-0.008085
-0.008416
-0.006639
-0.003064
-0.000699
-0.002289
-0.005404
-0.008564
-0.009087
-0.005685
-0.001288
0.001474
0.004256
0.001396
-0.005306
-0.011179
-0.010658
-0.005209
0.002122
0.007186
0.008150
0.004365
-0.004832
-0.014495
-0.018024
-0.015118
-0.007285
0.000541
0.008045
0.010990
0.003591
-0.006043
-0.010929
-0.011924
-0.004995
0.004305
0.012792
0.015910
0.008932
-0.000425
-0.009505
-0.010437
-0.007154
0.001698
0.009999
0.016101
0.014779
0.005835
-0.003494
-0.011510
-0.009928
-0.003778
0.005969
0.012393
0.013095
0.008263
-0.000828
-0.009732
-0.014067
-0.007682
0.002024
0.011192
0.011901
0.007374
-0.001313
-0.008437
-0.012759
-0.008774
0.000144
0.010111
0.016554
0.013807
0.005025
-0.004274
-0.011415
-0.012747
0.000037
0.012589
0.018084
0.012863
0.005897
0.005767
0.002613
0.000908
-0.007580
-0.010161
-0.009651
-0.006485
-0.003103
-0.000848
0.000167
-0.001267
-0.003929
-0.006681
-0.007894
-0.007496
-0.006073
-0.004882
-0.004021
-0.004147
-0.005461
-0.007017
-0.008576
-0.007778
-0.005655
-0.004931
-0.005129
-0.006296
-0.007585
-0.007752
-0.006927
-0.005868
-0.005231
-0.004883
-0.005612
-0.007455
-0.008478
-0.007600
-0.005946
-0.004369
-0.004058
-0.006046
-0.009200
-0.011257
-0.009782
-0.007348
-0.005981
-0.003256
-0.003798
-0.005761
-0.007378
-0.007598
-0.006418
-0.004019
-0.002356
-0.001228
-0.002380
-0.005402
-0.007358
-0.005583
-0.001109
0.002355
0.001426
-0.002487
-0.007496
-0.010196
-0.006760
-0.000559
0.005622
0.008864
0.003605
-0.005002
-0.010555
-0.009084
0.000885
0.011926
0.022668
0.019751
0.013863
0.010027
0.003758
-0.002300
-0.004848
-0.002318
0.005688
0.013340
0.015064
0.011436
0.005932
0.000214
-0.002028
0.000426
0.005926
0.011154
0.010736
0.007522
0.002969
-0.000565
0.001163
0.006813
0.011866
0.013979
0.010567
0.006697
0.003565
0.001014
0.001552
0.004662
0.008857
0.010998
0.007168
0.005203
0.002696
0.002148
0.003875
0.006900
0.008609
0.008809
0.006560
0.002660
-0.000254
0.000062
0.005132
0.010183
0.011253
0.007182
0.002276
-0.001221
0.000537
0.004650
0.008722
0.010047
0.007906
0.002357
-0.002889
-0.002594
-0.000588
0.005098
0.008756
0.011002
0.006404
0.000081
-0.005630
-0.003508
0.003456
0.008578
0.012268
0.008603
0.001131
-0.006476
-0.008003
0.001378
0.007264
0.013818
0.011482
0.005373
-0.002651
-0.006791
-0.005766
0.000967
0.008961
0.012212
0.006578
-0.001607
-0.006919
-0.008505
-0.003712
0.005561
0.012612
0.015384
0.009968
0.002284
-0.005902
-0.013466
-0.013128
-0.004297
0.006435
0.012928
0.015739
0.012426
0.005774
-0.004993
-0.009981
-0.014976
-0.008414
0.001536
0.011491
0.013275
0.009743
0.002416
-0.005132
-0.010705
-0.008017
0.000375
0.009341
